605.0
8.0
4.0
141.0
648.0
432.0
5.0
6.0
4.0
4.0
25.0
680.0
3.0
150.0
11.0
30.0
26.0
208.0
104.0
48.0
135.0
214.0
131.0
117.0
113.0
58.0
31.0
127.0
271.0
183.0
232.0
92.0
353.0
5.0
5.0
4.0
147.0
188.0
131.0
1097.0
702.0
482.0
443.0
14.0
5.0
4.0
3.0
4.0
3.0
2.0
2.0
3.0
0.0
98.0
4.0
2107.0
3.0
456.0
4.0
172.0
4.0
362.0
5.0
4.0
3.0
3.0
4.0
2.0
2.0
2.0
1.0
2.0
1.0
1.0
1.0
1.0
2.0
4.0
3.0
3.0
3.0
2.0
1.0
2.0
2.0
1.0
2.0
1.0
1.0
1.0
1.0
1.0
1.0
1.0
1.0
1.0
1.0
0.0
2.0
1.0
1.0
1.0
7.0
4.0
4.0
5.0
4.0
3.0
3.0
2.0
2.0
2.0
1.0
2.0
1.0
1.0
2.0
2.0
3.0
1.0
2.0
1.0
2.0
0.0
6.0
4.0
2.0
0.0
3.0
2.0
2.0
1.0
2.0
1.0
1.0
1.0
1.0
4.0
3.0
2.0
990.0
521.0
24.0
1.0
64.0
90.0
0.0
3.0
2.0
4.0
597.0
128.0
0.0
242.0
1.0
28.0
4.0
18.0
18.0
36.0
178.0
123.0
8.0
24.0
3.0
4.0
6.0
4.0
3.0
10.0
11.0
1.0
2.0
1.0
1.0
2.0
1.0
17.0
12.0
3.0
1.0
1.0
1.0
1.0
1.0
1.0
2.0
7.0
1.0
3.0
3.0
0.0
2.0
1.0
1.0
1.0
2.0
1.0
8.0
9.0
4.0
4.0
8.0
2.0
3.0
2.0
3.0
1.0
2.0
1.0
3.0
1.0
1.0
31.0
14.0
19.0
11.0
42.0
1.0
1.0
2.0
0.0
1.0
1.0
1.0
4.0
23.0
7.0
11.0
17.0
7.0
76.0
1.0
1.0
1.0
3.0
2.0
39.0
0.0
240.0
213.0
93.0
20.0
300.0
5.0
17.0
4.0
4.0
10.0
3.0
3.0
13.0
13.0
2.0
2.0
1.0
2.0
3.0
2.0
23.0
16.0
3.0
3.0
2.0
3.0
2.0
1.0
2.0
3.0
0.0
2.0
9.0
2.0
1.0
1.0
3.0
6.0
3.0
4.0
11.0
1.0
2.0
9.0
10.0
2.0
2.0
2.0
11.0
2.0
1.0
2.0
6.0
2.0
3.0
41.0
16.0
6.0
3.0
17.0
15.0
58.0
2.0
2.0
3.0
2.0
2.0
3.0
1.0
2.0
30.0
29.0
24.0
7.0
12.0
125.0
1.0
2.0
2.0
12.0
107.0
2.0
32.0
490.0
446.0
4.0
290.0
463.0
263.0
3.0
31.0
47.0
3.0
294.0
271.0
4.0
140.0
285.0
302.0
2.0
100.0
2.0
7.0
462.0
29.0
24.0
236.0
2.0
87.0
3.0
1.0
245.0
54.0
10.0
29.0
6.0
17.0
17.0
8.0
18.0
6.0
5.0
4.0
18.0
13.0
2.0
34.0
22.0
2.0
43.0
2.0
3.0
4.0
2.0
8.0
8.0
10.0
8.0
5.0
34.0
4.0
5.0
13.0
28.0
2.0
4.0
16.0
50.0
20.0
6.0
36.0
38.0
22.0
5.0
8.0
3.0
66.0
2.0
2.0
2.0
22.0
2.0
69.0
22.0
5.0
57.0
3.0
31.0
3.0
63.0
73.0
3.0
23.0
328.0
124.0
112.0
51.0
624.0
433.0
25.0
48.0
250.0
131.0
94.0
5.0
4.0
3.0
3.0
3.0
2.0
2.0
3.0
3.0
3.0
2.0
2.0
2.0
2.0
1.0
1.0
1.0
2.0
1.0
1.0
1.0
2.0
3.0
3.0
2.0
2.0
1.0
780.0
35.0
4.0
324.0
246.0
81.0
0.0
4.0
158.0
1.0
80.0
203.0
80.0
55.0
36.0
94.0
89.0
423.0
117.0
64.0
57.0
303.0
55.0
81.0
45.0
5.0
0.0
5.0
47.0
0.0
147.0
96.0
337.0
473.0
111.0
40.0
309.0
71.0
34.0
1.0
479.0
261.0
61.0
23.0
6.0
1037.0
12.0
4.0
4.0
3.0
2.0
78.0
187.0
109.0
47.0
1.0
155.0
3.0
351.0
232.0
0.0
54.0
149.0
4.0
109.0
187.0
30.0
141.0
78.0
245.0
135.0
236.0
3.0
357.0
41.0
162.0
3.0
200.0
147.0
18.0
51.0
113.0
7.0
5.0
2.0
2.0
30.0
3.0
76.0
3.0
223.0
72.0
2.0
175.0
92.0
77.0
58.0
272.0
34.0
7.0
156.0
1.0
1.0
59.0
234.0
19.0
376.0
53.0
28.0
2.0
274.0
317.0
4.0
34.0
181.0
7.0
243.0
156.0
5.0
160.0
7.0
6.0
4.0
3.0
3.0
3.0
2.0
57.0
28.0
87.0
53.0
277.0
36.0
3.0
88.0
238.0
42.0
4.0
14.0
48.0
9.0
4.0
132.0
108.0
2.0
13.0
5.0
468.0
15.0
763.0
102.0
160.0
247.0
94.0
162.0
57.0
5.0
2.0
4.0
3.0
16.0
17.0
214.0
11.0
64.0
12.0
3.0
25.0
4.0
9.0
138.0
31.0
48.0
99.0
130.0
5.0
144.0
4.0
16.0
8.0
82.0
4.0
608.0
324.0
279.0
3.0
215.0
3.0
87.0
5.0
4.0
18.0
123.0
205.0
217.0
293.0
19.0
4.0
6.0
4.0
89.0
15.0
88.0
4.0
12.0
233.0
436.0
116.0
107.0
218.0
5.0
170.0
224.0
345.0
88.0
72.0
73.0
60.0
165.0
160.0
8.0
155.0
1.0
81.0
9.0
22.0
55.0
425.0
4.0
85.0
8.0
4.0
74.0
5.0
32.0
161.0
3.0
193.0
136.0
24.0
17.0
417.0
4.0
88.0
3.0
37.0
3.0
115.0
3.0
26.0
3.0
13.0
19.0
34.0
444.0
165.0
2.0
24.0
424.0
5.0
140.0
12.0
7.0
273.0
105.0
206.0
11.0
7.0
5.0
3.0
3.0
94.0
38.0
2.0
369.0
135.0
4.0
71.0
4.0
220.0
2.0
2.0
2.0
10.0
3.0
41.0
23.0
216.0
2.0
72.0
78.0
3.0
143.0
2.0
73.0
5.0
608.0
32.0
2.0
162.0
180.0
500.0
3.0
27.0
3.0
93.0
6.0
4.0
4.0
3.0
3.0
2.0
3.0
63.0
23.0
7.0
13.0
216.0
3.0
47.0
116.0
57.0
177.0
432.0
2.0
246.0
1.0
81.0
3.0
21.0
141.0
497.0
4.0
469.0
4.0
142.0
4.0
187.0
4.0
135.0
106.0
3.0
44.0
8.0
5.0
4.0
3.0
18.0
45.0
52.0
2.0
4.0
131.0
3.0
134.0
76.0
174.0
23.0
5.0
109.0
114.0
26.0
20.0
6.0
40.0
5.0
58.0
541.0
310.0
4.0
366.0
3.0
103.0
39.0
379.0
42.0
5.0
134.0
95.0
73.0
2.0
2.0
6.0
3.0
4.0
2.0
11.0
2.0
2.0
3.0
20.0
34.0
10.0
36.0
132.0
475.0
123.0
4.0
24.0
292.0
1.0
1.0
3.0
64.0
186.0
197.0
98.0
4.0
310.0
73.0
87.0
138.0
48.0
126.0
292.0
4.0
135.0
4.0
124.0
9.0
10.0
5.0
4.0
12.0
44.0
14.0
2.0
336.0
4.0
283.0
136.0
450.0
820.0
66.0
298.0
156.0
145.0
264.0
2.0
4.0
2.0
0.0
0.0
0.0
0.0
0.0
0.0
0.0
0.0
0.0
0.0
0.0
0.0
0.0
0.0
0.0
0.0
0.0
3.0
0.0
0.0
0.0
0.0
0.0
0.0
0.0
0.0
0.0
0.0
0.0
0.0
0.0
0.0
0.0
0.0
0.0
0.0
0.0
0.0
0.0
0.0
0.0
1.0
0.0
0.0
0.0
0.0
0.0
0.0
0.0
0.0
0.0
0.0
0.0
0.0
0.0
0.0
1.0
4.0
0.0
0.0
0.0
19.0
8.0
5.0
5.0
3.0
3.0
2.0
49.0
2.0
18.0
1.0
49.0
3.0
4.0
4.0
2.0
85.0
1.0
5.0
141.0
510.0
350.0
146.0
3.0
370.0
572.0
114.0
111.0
9.0
10.0
3.0
143.0
210.0
4.0
446.0
0.0
6.0
0.0
82.0
23.0
294.0
3.0
28.0
2.0
216.0
9.0
3.0
61.0
90.0
12.0
2.0
152.0
291.0
3.0
55.0
240.0
368.0
19.0
15.0
130.0
506.0
3.0
175.0
73.0
565.0
47.0
4.0
57.0
24.0
8.0
4.0
6.0
3.0
3.0
85.0
147.0
102.0
3.0
71.0
4.0
27.0
45.0
131.0
254.0
121.0
839.0
346.0
189.0
112.0
32.0
3.0
80.0
96.0
128.0
256.0
90.0
70.0
8.0
4.0
5.0
4.0
3.0
43.0
85.0
419.0
36.0
115.0
13.0
213.0
52.0
15.0
155.0
8.0
91.0
6.0
16.0
830.0
41.0
685.0
68.0
308.0
38.0
8.0
4.0
5.0
3.0
35.0
6.0
35.0
529.0
159.0
35.0
41.0
82.0
258.0
0.0
25.0
0.0
86.0
299.0
48.0
347.0
47.0
266.0
223.0
3.0
5.0
193.0
25.0
3.0
315.0
92.0
0.0
8.0
4.0
4.0
14.0
8.0
4.0
26.0
19.0
262.0
2.0
211.0
108.0
3.0
276.0
182.0
536.0
11.0
19.0
85.0
24.0
4.0
20.0
19.0
4.0
199.0
93.0
188.0
50.0
562.0
283.0
7.0
4.0
30.0
50.0
30.0
167.0
267.0
146.0
191.0
475.0
12.0
3.0
97.0
72.0
236.0
249.0
723.0
448.0
8.0
85.0
941.0
331.0
212.0
43.0
4.0
243.0
58.0
47.0
342.0
4.0
26.0
69.0
41.0
123.0
303.0
33.0
4.0
2.0
3.0
3.0
3.0
269.0
13.0
0.0
0.0
6.0
3.0
0.0
0.0
0.0
22.0
18.0
8.0
4.0
303.0
5.0
80.0
349.0
751.0
4.0
685.0
34.0
293.0
53.0
4.0
53.0
287.0
242.0
48.0
9.0
4.0
3.0
3.0
3.0
83.0
1.0
196.0
191.0
31.0
220.0
36.0
4.0
271.0
91.0
1042.0
122.0
296.0
340.0
238.0
56.0
5.0
6.0
4.0
3.0
3.0
585.0
129.0
99.0
31.0
3.0
79.0
104.0
157.0
3.0
40.0
3.0
252.0
240.0
37.0
128.0
3.0
16.0
37.0
4.0
51.0
247.0
322.0
49.0
264.0
229.0
230.0
8.0
4.0
3.0
3.0
387.0
88.0
167.0
4.0
51.0
3.0
133.0
99.0
467.0
284.0
137.0
5.0
6.0
4.0
3.0
54.0
102.0
12.0
0.0
96.0
181.0
6.0
4.0
6.0
3.0
23.0
320.0
161.0
5.0
5.0
5.0
3.0
84.0
1.0
59.0
25.0
60.0
2.0
359.0
286.0
157.0
19.0
3.0
37.0
49.0
102.0
244.0
2.0
0.0
0.0
3.0
0.0
0.0
1.0
0.0
0.0
0.0
0.0
0.0
0.0
0.0
1.0
0.0
0.0
0.0
0.0
0.0
0.0
0.0
0.0
0.0
1.0
0.0
0.0
0.0
0.0
0.0
0.0
0.0
0.0
0.0
0.0
0.0
0.0
0.0
0.0
0.0
0.0
0.0
0.0
0.0
0.0
0.0
14.0
45.0
2.0
0.0
0.0
0.0
1.0
15.0
374.0
43.0
691.0
49.0
102.0
40.0
65.0
316.0
27.0
32.0
4.0
5.0
4.0
98.0
4.0
78.0
4.0
8.0
6.0
111.0
39.0
44.0
32.0
3.0
5.0
144.0
13.0
131.0
4.0
13.0
83.0
122.0
68.0
73.0
34.0
84.0
68.0
27.0
73.0
10.0
5.0
6.0
65.0
242.0
268.0
5.0
7.0
66.0
33.0
60.0
4.0
1.0
47.0
111.0
97.0
2.0
5.0
3.0
12.0
3.0
156.0
4.0
151.0
91.0
31.0
14.0
6.0
5.0
16.0
22.0
19.0
40.0
3.0
67.0
3.0
3.0
4.0
2.0
7.0
3.0
13.0
83.0
3.0
118.0
1.0
106.0
34.0
17.0
33.0
75.0
998.0
235.0
29.0
300.0
30.0
1.0
23.0
3.0
51.0
105.0
93.0
3.0
0.0
1.0
0.0
0.0
0.0
0.0
0.0
0.0
0.0
0.0
0.0
0.0
0.0
0.0
0.0
0.0
0.0
0.0
0.0
0.0
0.0
0.0
0.0
0.0
0.0
0.0
0.0
0.0
0.0
0.0
0.0
0.0
0.0
0.0
0.0
0.0
0.0
0.0
0.0
0.0
0.0
0.0
0.0
0.0
0.0
0.0
0.0
0.0
0.0
0.0
0.0
0.0
0.0
0.0
0.0
0.0
0.0
0.0
0.0
0.0
0.0
0.0
0.0
0.0
0.0
0.0
0.0
0.0
0.0
0.0
0.0
0.0
1.0
0.0
0.0
0.0
0.0
0.0
0.0
0.0
0.0
0.0
0.0
0.0
0.0
0.0
0.0
0.0
0.0
0.0
0.0
0.0
0.0
0.0
0.0
0.0
0.0
0.0
0.0
0.0
0.0
0.0
0.0
0.0
0.0
0.0
0.0
0.0
0.0
0.0
0.0
0.0
0.0
0.0
0.0
0.0
0.0
0.0
0.0
0.0
0.0
0.0
0.0
0.0
0.0
0.0
0.0
0.0
0.0
0.0
0.0
0.0
0.0
0.0
0.0
1.0
0.0
0.0
0.0
0.0
0.0
0.0
0.0
0.0
0.0
0.0
8.0
0.0
0.0
0.0
0.0
0.0
0.0
0.0
0.0
0.0
0.0
0.0
0.0
0.0
0.0
0.0
0.0
0.0
0.0
0.0
0.0
0.0
12.0
2.0
0.0
1.0
1.0
1.0
1.0
0.0
2.0
0.0
0.0
0.0
1.0
1.0
0.0
1.0
1.0
0.0
1.0
1.0
30.0
509.0
158.0
4.0
3.0
2.0
11.0
4.0
2.0
0.0
1.0
1.0
0.0
1.0
1.0
2.0
0.0
1.0
1.0
0.0
0.0
2.0
0.0
2.0
0.0
2.0
1.0
7.0
0.0
0.0
0.0
0.0
15.0
1.0
5.0
7.0
4.0
30.0
20.0
93.0
214.0
33.0
56.0
2.0
81.0
13.0
209.0
80.0
18.0
2.0
0.0
0.0
0.0
0.0
0.0
0.0
0.0
0.0
0.0
0.0
0.0
0.0
0.0
0.0
0.0
0.0
0.0
0.0
0.0
0.0
0.0
0.0
0.0
0.0
0.0
0.0
0.0
0.0
0.0
0.0
0.0
0.0
0.0
0.0
0.0
0.0
0.0
0.0
0.0
0.0
0.0
0.0
0.0
0.0
0.0
0.0
0.0
0.0
0.0
1.0
0.0
23.0
2.0
0.0
0.0
0.0
0.0
0.0
0.0
33.0
109.0
3.0
0.0
0.0
69.0
262.0
44.0
2.0
9.0
4.0
2.0
25.0
3.0
0.0
4.0
6.0
2.0
0.0
4.0
83.0
2.0
1.0
1.0
1.0
0.0
1.0
1.0
1.0
0.0
2.0
1.0
1.0
0.0
0.0
1.0
1.0
0.0
2.0
2.0
6.0
0.0
0.0
0.0
0.0
18.0
4.0
2.0
59.0
2.0
0.0
6.0
6.0
2.0
0.0
79.0
85.0
41.0
4.0
2.0
5.0
18.0
2.0
0.0
12.0
7.0
104.0
1.0
4.0
2.0
5.0
2.0
0.0
38.0
3.0
2.0
7.0
2.0
0.0
23.0
2.0
0.0
0.0
42.0
2.0
11.0
68.0
60.0
137.0
2.0
0.0
0.0
0.0
0.0
0.0
0.0
0.0
0.0
0.0
0.0
0.0
0.0
0.0
0.0
0.0
0.0
0.0
0.0
0.0
0.0
0.0
4.0
2.0
1.0
0.0
0.0
0.0
0.0
0.0
0.0
0.0
0.0
0.0
0.0
0.0
0.0
0.0
0.0
0.0
0.0
0.0
0.0
0.0
0.0
72.0
0.0
0.0
0.0
0.0
0.0
0.0
0.0
0.0
0.0
0.0
0.0
0.0
0.0
0.0
0.0
0.0
0.0
0.0
0.0
3.0
17.0
12.0
0.0
0.0
0.0
0.0
0.0
0.0
0.0
0.0
0.0
0.0
0.0
0.0
0.0
0.0
0.0
0.0
0.0
0.0
0.0
0.0
0.0
0.0
0.0
0.0
0.0
0.0
1.0
0.0
0.0
0.0
0.0
0.0
0.0
0.0
0.0
0.0
0.0
0.0
0.0
0.0
0.0
0.0
0.0
0.0
0.0
0.0
0.0
0.0
0.0
0.0
0.0
0.0
0.0
0.0
0.0
0.0
0.0
0.0
0.0
0.0
0.0
0.0
0.0
0.0
0.0
0.0
0.0
0.0
0.0
0.0
0.0
0.0
0.0
0.0
0.0
0.0
0.0
0.0
0.0
0.0
0.0
0.0
0.0
0.0
0.0
0.0
0.0
0.0
0.0
0.0
0.0
0.0
0.0
0.0
0.0
0.0
0.0
0.0
0.0
0.0
0.0
0.0
0.0
0.0
0.0
0.0
0.0
0.0
0.0
0.0
0.0
0.0
0.0
0.0
0.0
0.0
0.0
0.0
0.0
0.0
0.0
0.0
0.0
0.0
0.0
0.0
0.0
0.0
0.0
0.0
0.0
0.0
0.0
0.0
0.0
0.0
0.0
0.0
0.0
0.0
0.0
0.0
0.0
0.0
0.0
0.0
0.0
0.0
0.0
0.0
0.0
0.0
0.0
0.0
0.0
0.0
0.0
0.0
0.0
0.0
0.0
0.0
0.0
0.0
0.0
0.0
0.0
0.0
0.0
0.0
0.0
0.0
0.0
0.0
0.0
1.0
0.0
0.0
0.0
0.0
0.0
0.0
0.0
0.0
0.0
0.0
0.0
0.0
0.0
0.0
0.0
139.0
3.0
0.0
0.0
0.0
0.0
0.0
0.0
1.0
0.0
0.0
0.0
0.0
0.0
0.0
0.0
0.0
0.0
0.0
0.0
0.0
0.0
0.0
0.0
0.0
0.0
0.0
0.0
0.0
0.0
0.0
0.0
0.0
0.0
0.0
0.0
0.0
0.0
0.0
0.0
0.0
0.0
0.0
0.0
0.0
0.0
0.0
0.0
0.0
0.0
0.0
0.0
0.0
0.0
0.0
0.0
0.0
0.0
0.0
0.0
0.0
0.0
0.0
0.0
0.0
0.0
0.0
0.0
0.0
0.0
1.0
0.0
0.0
0.0
0.0
0.0
0.0
0.0
0.0
0.0
0.0
0.0
0.0
0.0
0.0
0.0
0.0
0.0
0.0
0.0
0.0
0.0
0.0
0.0
0.0
0.0
0.0
0.0
0.0
0.0
0.0
0.0
0.0
0.0
0.0
0.0
0.0
0.0
0.0
0.0
0.0
0.0
0.0
0.0
0.0
0.0
0.0
0.0
0.0
0.0
0.0
0.0
0.0
0.0
0.0
0.0
0.0
0.0
0.0
0.0
0.0
0.0
0.0
0.0
0.0
0.0
0.0
0.0
0.0
0.0
0.0
0.0
0.0
0.0
0.0
0.0
0.0
0.0
0.0
0.0
0.0
0.0
0.0
0.0
0.0
0.0
0.0
0.0
0.0
0.0
0.0
0.0
0.0
0.0
0.0
0.0
0.0
0.0
0.0
0.0
0.0
0.0
0.0
0.0
0.0
0.0
0.0
0.0
0.0
0.0
0.0
0.0
0.0
0.0
0.0
0.0
0.0
0.0
0.0
0.0
0.0
0.0
0.0
11.0
0.0
1.0
0.0
0.0
85.0
4.0
2.0
7.0
2.0
0.0
253.0
3.0
2.0
0.0
89.0
3.0
109.0
23.0
2.0
0.0
0.0
0.0
0.0
0.0
0.0
0.0
0.0
0.0
0.0
0.0
0.0
0.0
0.0
0.0
0.0
0.0
0.0
0.0
0.0
0.0
0.0
0.0
64.0
14.0
2.0
38.0
25.0
5.0
5.0
4.0
3.0
21.0
10.0
28.0
2.0
126.0
36.0
2.0
0.0
0.0
51.0
31.0
4.0
50.0
3.0
0.0
0.0
0.0
0.0
0.0
0.0
0.0
1.0
8.0
0.0
10.0
0.0
1.0
0.0
0.0
0.0
0.0
0.0
0.0
0.0
0.0
0.0
0.0
0.0
0.0
0.0
0.0
0.0
0.0
0.0
0.0
0.0
0.0
0.0
0.0
0.0
0.0
0.0
0.0
0.0
0.0
0.0
0.0
0.0
0.0
0.0
0.0
0.0
0.0
0.0
0.0
0.0
0.0
0.0
0.0
0.0
0.0
0.0
0.0
0.0
0.0
23.0
3.0
2.0
4.0
5.0
2.0
0.0
21.0
4.0
2.0
20.0
2.0
0.0
12.0
20.0
4.0
2.0
35.0
2.0
0.0
218.0
1.0
0.0
0.0
0.0
0.0
0.0
0.0
1.0
0.0
0.0
0.0
0.0
0.0
0.0
0.0
0.0
0.0
0.0
0.0
0.0
0.0
0.0
0.0
0.0
0.0
0.0
0.0
0.0
0.0
0.0
0.0
0.0
0.0
0.0
0.0
0.0
0.0
0.0
0.0
0.0
0.0
0.0
0.0
0.0
0.0
0.0
0.0
0.0
0.0
0.0
1.0
26.0
3.0
3.0
6.0
2.0
0.0
25.0
81.0
3.0
3.0
7.0
2.0
0.0
37.0
11.0
3.0
18.0
3.0
89.0
4.0
1.0
1.0
0.0
0.0
0.0
1.0
0.0
0.0
0.0
0.0
0.0
4.0
1.0
1.0
0.0
0.0
0.0
0.0
0.0
0.0
0.0
0.0
0.0
0.0
0.0
0.0
0.0
0.0
0.0
0.0
0.0
0.0
0.0
0.0
0.0
0.0
0.0
0.0
0.0
0.0
1.0
0.0
0.0
0.0
0.0
0.0
0.0
0.0
0.0
0.0
0.0
0.0
0.0
0.0
0.0
0.0
0.0
0.0
0.0
0.0
0.0
0.0
1.0
0.0
1.0
0.0
0.0
1.0
0.0
2.0
1.0
0.0
0.0
0.0
0.0
0.0
2.0
1.0
0.0
0.0
0.0
1.0
2.0
0.0
1.0
0.0
1.0
0.0
0.0
0.0
0.0
0.0
1.0
0.0
0.0
1.0
0.0
0.0
0.0
1.0
0.0
0.0
0.0
0.0
1.0
0.0
1.0
0.0
1.0
0.0
0.0
2.0
1.0
0.0
0.0
0.0
1.0
0.0
0.0
1.0
1.0
1.0
1.0
1.0
1.0
0.0
1.0
1.0
1.0
1.0
1.0
0.0
1.0
1.0
1.0
0.0
1.0
1.0
1.0
0.0
1.0
1.0
1.0
58.0
128.0
43.0
1.0
1.0
12.0
2.0
23.0
272.0
1.0
51.0
45.0
1.0
0.0
1.0
6.0
9.0
6.0
33.0
44.0
8.0
52.0
46.0
3.0
41.0
2.0
9.0
52.0
11.0
1.0
0.0
0.0
2.0
2.0
0.0
0.0
1.0
0.0
0.0
2.0
1.0
0.0
0.0
2.0
0.0
0.0
2.0
0.0
0.0
0.0
2.0
0.0
0.0
1.0
3.0
0.0
1.0
1.0
0.0
1.0
1.0
0.0
1.0
1.0
1.0
0.0
3.0
0.0
0.0
19.0
133.0
1.0
50.0
31.0
1.0
0.0
1.0
18.0
0.0
2.0
0.0
21.0
2.0
0.0
26.0
1.0
2.0
0.0
3.0
41.0
4.0
128.0
1.0
1.0
0.0
0.0
1.0
5.0
2.0
0.0
0.0
0.0
0.0
8.0
1.0
0.0
1.0
6.0
9.0
1.0
0.0
0.0
0.0
1.0
0.0
34.0
176.0
2.0
0.0
165.0
48.0
17.0
239.0
3.0
0.0
5.0
2.0
0.0
1.0
14.0
1.0
0.0
1.0
12.0
2.0
0.0
2.0
4.0
22.0
2.0
0.0
1.0
26.0
2.0
0.0
88.0
2.0
0.0
0.0
207.0
2.0
0.0
13.0
2.0
0.0
6.0
9.0
27.0
2.0
0.0
35.0
1.0
0.0
1.0
12.0
2.0
0.0
0.0
4.0
19.0
2.0
0.0
62.0
239.0
2.0
0.0
1.0
3.0
1.0
1.0
3.0
2.0
0.0
1.0
7.0
0.0
0.0
0.0
0.0
0.0
0.0
0.0
0.0
0.0
0.0
0.0
0.0
0.0
0.0
0.0
0.0
0.0
0.0
0.0
0.0
0.0
0.0
0.0
0.0
0.0
0.0
0.0
0.0
0.0
0.0
0.0
0.0
1.0
0.0
19.0
3.0
42.0
17.0
67.0
29.0
45.0
2.0
0.0
0.0
0.0
0.0
0.0
0.0
0.0
0.0
0.0
0.0
0.0
0.0
0.0
0.0
0.0
0.0
0.0
0.0
0.0
0.0
0.0
0.0
0.0
75.0
38.0
17.0
161.0
2.0
33.0
27.0
2.0
9.0
2.0
0.0
0.0
0.0
0.0
0.0
0.0
0.0
0.0
0.0
0.0
0.0
0.0
0.0
0.0
0.0
0.0
0.0
0.0
0.0
0.0
0.0
0.0
0.0
4.0
269.0
100.0
3.0
86.0
45.0
2.0
0.0
0.0
0.0
0.0
0.0
0.0
0.0
0.0
0.0
0.0
0.0
0.0
0.0
0.0
0.0
0.0
0.0
0.0
0.0
0.0
0.0
0.0
0.0
6.0
1.0
1.0
0.0
0.0
0.0
0.0
0.0
0.0
0.0
0.0
0.0
0.0
0.0
0.0
0.0
0.0
0.0
0.0
0.0
0.0
0.0
0.0
0.0
0.0
0.0
2.0
3.0
6.0
19.0
2.0
0.0
1.0
32.0
204.0
13.0
32.0
68.0
23.0
63.0
191.0
23.0
53.0
1.0
9.0
92.0
105.0
92.0
209.0
30.0
240.0
94.0
3.0
80.0
121.0
0.0
0.0
1.0
0.0
0.0
0.0
0.0
0.0
0.0
0.0
0.0
0.0
0.0
5.0
2.0
0.0
0.0
0.0
0.0
0.0
0.0
0.0
0.0
0.0
0.0
0.0
0.0
0.0
0.0
0.0
0.0
0.0
0.0
0.0
1.0
0.0
0.0
0.0
0.0
0.0
0.0
0.0
0.0
0.0
0.0
0.0
0.0
0.0
0.0
0.0
0.0
0.0
0.0
0.0
1.0
0.0
0.0
0.0
20.0
2.0
0.0
0.0
0.0
0.0
0.0
0.0
0.0
0.0
0.0
0.0
0.0
0.0
0.0
0.0
0.0
0.0
0.0
0.0
0.0
0.0
0.0
0.0
0.0
0.0
0.0
1.0
0.0
0.0
0.0
28.0
79.0
2.0
0.0
0.0
0.0
0.0
0.0
0.0
0.0
0.0
0.0
0.0
0.0
0.0
0.0
0.0
0.0
0.0
0.0
0.0
0.0
0.0
0.0
0.0
0.0
0.0
0.0
0.0
0.0
0.0
0.0
0.0
0.0
0.0
0.0
0.0
0.0
0.0
0.0
0.0
0.0
0.0
0.0
0.0
0.0
0.0
0.0
0.0
0.0
0.0
0.0
0.0
0.0
0.0
0.0
0.0
0.0
0.0
0.0
0.0
0.0
1.0
0.0
0.0
53.0
0.0
0.0
1.0
0.0
0.0
0.0
0.0
0.0
0.0
0.0
0.0
0.0
0.0
4.0
2.0
0.0
0.0
0.0
0.0
0.0
0.0
0.0
0.0
0.0
0.0
0.0
0.0
0.0
0.0
0.0
0.0
0.0
0.0
0.0
0.0
0.0
0.0
0.0
0.0
0.0
0.0
0.0
0.0
0.0
0.0
0.0
0.0
0.0
0.0
0.0
0.0
0.0
0.0
0.0
1.0
0.0
0.0
0.0
7.0
2.0
0.0
0.0
0.0
0.0
0.0
0.0
10.0
2.0
5.0
3.0
0.0
2.0
19.0
1.0
1.0
0.0
1.0
1.0
1.0
1.0
3.0
0.0
4.0
4.0
2.0
2.0
4.0
1.0
14.0
1.0
0.0
53.0
3.0
138.0
4.0
1.0
35.0
2.0
5.0
2.0
3.0
2.0
7.0
1.0
275.0
159.0
130.0
70.0
59.0
6.0
5.0
27.0
8.0
127.0
5.0
6.0
18.0
6.0
97.0
5.0
4.0
22.0
4.0
127.0
5.0
4.0
22.0
4.0
372.0
1.0
87.0
212.0
121.0
112.0
37.0
172.0
25.0
44.0
193.0
236.0
210.0
7.0
15.0
38.0
669.0
192.0
17.0
226.0
92.0
64.0
146.0
18.0
11.0
55.0
167.0
54.0
158.0
2.0
89.0
9.0
214.0
23.0
29.0
9.0
12.0
5.0
184.0
257.0
386.0
131.0
118.0
1.0
275.0
301.0
199.0
52.0
233.0
167.0
5.0
217.0
14.0
559.0
4.0
5.0
85.0
83.0
10.0
1.0
180.0
390.0
322.0
9.0
165.0
621.0
123.0
127.0
0.0
0.0
1.0
0.0
0.0
1.0
64.0
84.0
26.0
110.0
112.0
106.0
16.0
4.0
83.0
62.0
55.0
47.0
210.0
74.0
8.0
4.0
6.0
4.0
231.0
1.0
685.0
86.0
28.0
5.0
4.0
4.0
3.0
6.0
349.0
106.0
69.0
117.0
14.0
4.0
5.0
273.0
6.0
5.0
4.0
3.0
122.0
431.0
125.0
0.0
0.0
0.0
1.0
0.0
0.0
380.0
1011.0
35.0
21.0
133.0
10.0
1.0
6.0
27.0
34.0
40.0
5.0
43.0
9.0
112.0
15.0
116.0
1.0
14.0
75.0
6.0
10.0
93.0
40.0
65.0
91.0
0.0
22.0
78.0
687.0
514.0
1314.0
350.0
259.0
185.0
8.0
4.0
4.0
354.0
103.0
69.0
978.0
662.0
474.0
517.0
87.0
6.0
4.0
3.0
3.0
3.0
3.0
80.0
666.0
235.0
243.0
247.0
18.0
662.0
165.0
55.0
282.0
4.0
260.0
46.0
14.0
243.0
9.0
3.0
4.0
17.0
103.0
62.0
386.0
365.0
131.0
3.0
1.0
1.0
1.0
1.0
2.0
1.0
1.0
1.0
1.0
1.0
1.0
1.0
2.0
1.0
1.0
1.0
1.0
1.0
1.0
141.0
401.0
46.0
269.0
146.0
22.0
0.0
53.0
389.0
119.0
576.0
5.0
21.0
582.0
71.0
89.0
59.0
72.0
179.0
830.0
40.0
38.0
216.0
295.0
229.0
149.0
152.0
21.0
121.0
147.0
9.0
4.0
5.0
855.0
112.0
4.0
286.0
29.0
3.0
69.0
282.0
204.0
44.0
488.0
596.0
172.0
616.0
307.0
705.0
171.0
1010.0
318.0
359.0
188.0
0.0
700.0
627.0
275.0
28.0
4.0
299.0
327.0
138.0
181.0
136.0
40.0
115.0
275.0
55.0
134.0
234.0
0.0
1.0
1.0
1.0
1.0
1.0
1.0
1.0
2.0
1.0
1.0
2.0
0.0
1.0
1.0
1.0
1.0
0.0
2.0
1.0
1.0
0.0
2.0
0.0
2.0
1.0
1.0
0.0
1.0
1.0
1.0
1.0
0.0
1.0
1.0
1.0
1.0
1.0
1.0
0.0
1.0
1.0
1.0
0.0
1.0
262.0
179.0
473.0
71.0
444.0
244.0
281.0
1.0
2.0
1.0
1.0
2.0
2.0
1.0
2.0
1.0
1.0
1.0
0.0
2.0
2.0
1.0
1.0
1.0
1.0
2.0
1.0
1.0
2.0
1.0
1.0
1.0
1.0
1.0
2.0
1.0
1.0
1.0
1.0
1.0
1.0
2.0
52.0
195.0
518.0
107.0
9.0
129.0
989.0
121.0
1176.0
380.0
4.0
128.0
35.0
30.0
168.0
595.0
105.0
306.0
121.0
1092.0
1.0
35.0
225.0
598.0
60.0
57.0
824.0
368.0
241.0
184.0
202.0
111.0
694.0
1.0
538.0
192.0
61.0
25.0
159.0
4.0
15.0
128.0
893.0
291.0
85.0
309.0
902.0
176.0
3.0
28.0
76.0
937.0
168.0
179.0
51.0
1.0
197.0
624.0
4.0
456.0
12.0
147.0
5.0
156.0
269.0
252.0
219.0
95.0
724.0
190.0
113.0
39.0
39.0
283.0
16.0
84.0
245.0
57.0
76.0
153.0
76.0
533.0
77.0
219.0
76.0
33.0
217.0
64.0
39.0
38.0
4.0
196.0
154.0
140.0
164.0
74.0
81.0
99.0
1.0
0.0
1.0
115.0
1.0
6.0
55.0
13.0
419.0
90.0
77.0
1.0
0.0
23.0
104.0
10.0
94.0
47.0
131.0
86.0
29.0
71.0
147.0
0.0
0.0
57.0
343.0
92.0
224.0
11.0
1.0
38.0
62.0
311.0
8.0
38.0
153.0
218.0
108.0
73.0
51.0
16.0
92.0
38.0
2.0
27.0
78.0
10.0
69.0
135.0
374.0
42.0
0.0
113.0
105.0
110.0
15.0
352.0
4.0
4.0
97.0
76.0
95.0
302.0
0.0
89.0
142.0
38.0
35.0
12.0
21.0
35.0
41.0
37.0
10.0
0.0
0.0
0.0
25.0
35.0
39.0
38.0
66.0
49.0
94.0
169.0
106.0
4.0
137.0
30.0
191.0
35.0
142.0
52.0
124.0
79.0
401.0
160.0
0.0
574.0
25.0
0.0
206.0
146.0
16.0
221.0
88.0
404.0
21.0
76.0
127.0
75.0
17.0
543.0
76.0
221.0
0.0
25.0
135.0
95.0
406.0
181.0
24.0
4.0
207.0
48.0
184.0
464.0
139.0
76.0
44.0
11.0
0.0
32.0
132.0
226.0
91.0
4.0
291.0
84.0
78.0
0.0
11.0
444.0
186.0
45.0
96.0
132.0
106.0
4.0
80.0
0.0
265.0
38.0
77.0
84.0
315.0
24.0
0.0
140.0
148.0
110.0
37.0
236.0
241.0
74.0
267.0
114.0
256.0
147.0
130.0
838.0
0.0
577.0
28.0
107.0
706.0
259.0
198.0
79.0
303.0
18.0
214.0
243.0
6.0
3.0
97.0
55.0
23.0
51.0
96.0
8.0
234.0
86.0
381.0
76.0
193.0
262.0
69.0
281.0
314.0
27.0
149.0
101.0
90.0
652.0
155.0
351.0
101.0
4.0
299.0
0.0
246.0
186.0
129.0
24.0
24.0
257.0
115.0
85.0
14.0
101.0
25.0
138.0
24.0
4.0
105.0
30.0
329.0
242.0
13.0
109.0
91.0
795.0
23.0
91.0
15.0
1.0
205.0
7.0
5.0
244.0
328.0
167.0
42.0
184.0
364.0
253.0
2.0
126.0
190.0
267.0
609.0
230.0
34.0
147.0
4.0
48.0
32.0
320.0
138.0
0.0
51.0
46.0
17.0
725.0
14.0
17.0
13.0
8.0
8.0
9.0
7.0
10.0
172.0
9.0
38.0
179.0
11.0
23.0
112.0
207.0
69.0
55.0
142.0
158.0
223.0
232.0
420.0
268.0
434.0
52.0
38.0
156.0
39.0
351.0
8.0
5.0
450.0
334.0
136.0
4.0
314.0
97.0
199.0
96.0
63.0
393.0
785.0
213.0
144.0
65.0
3.0
832.0
32.0
399.0
127.0
92.0
229.0
139.0
1.0
59.0
0.0
258.0
269.0
5.0
145.0
85.0
29.0
85.0
302.0
109.0
0.0
34.0
80.0
9.0
148.0
42.0
11.0
15.0
270.0
0.0
305.0
421.0
834.0
40.0
354.0
0.0
119.0
627.0
242.0
49.0
46.0
857.0
106.0
0.0
258.0
163.0
532.0
472.0
99.0
22.0
54.0
387.0
23.0
47.0
648.0
253.0
373.0
47.0
51.0
526.0
0.0
0.0
1.0
0.0
0.0
0.0
1.0
0.0
0.0
0.0
0.0
0.0
0.0
0.0
471.0
204.0
587.0
392.0
81.0
99.0
76.0
495.0
465.0
194.0
674.0
282.0
1066.0
0.0
701.0
0.0
40.0
85.0
638.0
254.0
182.0
371.0
77.0
319.0
107.0
10.0
195.0
395.0
537.0
195.0
337.0
0.0
190.0
235.0
4.0
239.0
255.0
1066.0
92.0
481.0
522.0
297.0
80.0
0.0
44.0
76.0
190.0
126.0
8.0
219.0
201.0
399.0
228.0
496.0
356.0
324.0
18.0
424.0
675.0
0.0
84.0
4.0
166.0
16.0
534.0
2.0
1.0
1.0
2.0
3.0
1.0
1.0
1.0
625.0
76.0
152.0
739.0
220.0
207.0
295.0
56.0
174.0
57.0
112.0
0.0
30.0
31.0
39.0
115.0
1.0
139.0
14.0
61.0
18.0
188.0
9.0
216.0
41.0
244.0
92.0
53.0
948.0
4.0
554.0
66.0
249.0
1.0
76.0
254.0
215.0
0.0
60.0
106.0
12.0
60.0
824.0
234.0
182.0
244.0
40.0
605.0
93.0
368.0
299.0
352.0
0.0
398.0
88.0
730.0
13.0
61.0
4.0
14.0
126.0
219.0
219.0
17.0
384.0
277.0
5.0
26.0
122.0
50.0
45.0
228.0
86.0
604.0
94.0
151.0
37.0
194.0
15.0
67.0
115.0
355.0
20.0
70.0
66.0
27.0
33.0
97.0
137.0
176.0
37.0
119.0
31.0
412.0
3.0
24.0
185.0
3.0
273.0
315.0
242.0
152.0
4.0
90.0
0.0
358.0
15.0
94.0
232.0
50.0
41.0
151.0
55.0
105.0
375.0
90.0
343.0
0.0
494.0
464.0
182.0
247.0
67.0
9.0
492.0
59.0
16.0
0.0
3.0
0.0
2.0
0.0
0.0
1.0
0.0
1.0
1.0
1.0
1.0
16.0
0.0
23.0
0.0
2.0
0.0
17.0
0.0
1.0
0.0
0.0
0.0
1.0
4.0
0.0
3.0
0.0
51.0
0.0
2.0
1.0
19.0
0.0
1.0
0.0
14.0
1.0
1.0
1.0
2.0
0.0
1.0
0.0
11.0
0.0
3.0
0.0
32.0
7.0
6.0
3.0
0.0
1.0
2.0
0.0
14.0
3.0
12.0
109.0
1.0
271.0
39.0
17.0
316.0
46.0
72.0
346.0
352.0
252.0
4.0
133.0
115.0
75.0
269.0
141.0
51.0
41.0
0.0
1.0
248.0
45.0
385.0
32.0
0.0
504.0
192.0
133.0
107.0
125.0
145.0
341.0
91.0
109.0
219.0
209.0
94.0
200.0
95.0
25.0
216.0
249.0
22.0
45.0
237.0
119.0
17.0
87.0
77.0
13.0
41.0
5.0
83.0
3.0
23.0
6.0
40.0
60.0
20.0
53.0
25.0
153.0
4.0
49.0
10.0
9.0
13.0
8.0
4.0
2.0
5.0
23.0
1.0
19.0
25.0
10.0
44.0
12.0
9.0
5.0
435.0
3.0
16.0
22.0
6.0
24.0
61.0
11.0
3.0
30.0
46.0
9.0
9.0
3.0
3.0
9.0
6.0
8.0
11.0
43.0
8.0
101.0
33.0
317.0
1.0
0.0
219.0
94.0
287.0
2.0
0.0
56.0
69.0
10.0
139.0
286.0
79.0
206.0
0.0
97.0
43.0
0.0
266.0
177.0
16.0
48.0
526.0
57.0
189.0
135.0
0.0
0.0
3.0
0.0
3.0
0.0
0.0
0.0
1.0
0.0
2.0
0.0
1.0
0.0
2.0
0.0
1.0
0.0
1.0
0.0
7.0
1.0
0.0
0.0
0.0
1.0
0.0
1.0
1.0
0.0
0.0
0.0
0.0
1.0
0.0
0.0
1.0
0.0
0.0
0.0
0.0
0.0
2.0
0.0
0.0
1.0
0.0
0.0
0.0
0.0
0.0
0.0
0.0
1.0
0.0
1.0
0.0
0.0
1.0
1.0
5.0
4.0
2.0
3.0
5.0
6.0
0.0
0.0
9.0
3.0
1.0
7.0
6.0
7.0
14.0
12.0
465.0
62.0
319.0
10.0
631.0
325.0
618.0
11.0
650.0
83.0
397.0
111.0
772.0
17.0
166.0
58.0
4.0
40.0
122.0
46.0
165.0
369.0
216.0
61.0
632.0
776.0
23.0
151.0
4.0
329.0
29.0
3.0
59.0
37.0
163.0
382.0
2.0
105.0
362.0
191.0
0.0
40.0
36.0
600.0
164.0
77.0
12.0
2.0
69.0
18.0
189.0
199.0
133.0
5.0
64.0
29.0
306.0
239.0
39.0
148.0
36.0
53.0
51.0
177.0
314.0
25.0
97.0
39.0
86.0
122.0
244.0
149.0
0.0
81.0
6.0
163.0
55.0
468.0
931.0
65.0
72.0
70.0
55.0
57.0
100.0
58.0
66.0
140.0
95.0
147.0
640.0
142.0
4.0
222.0
335.0
96.0
26.0
25.0
63.0
45.0
551.0
77.0
107.0
67.0
207.0
101.0
116.0
87.0
29.0
137.0
392.0
51.0
574.0
278.0
102.0
0.0
1.0
0.0
0.0
0.0
0.0
0.0
112.0
196.0
158.0
0.0
11.0
40.0
499.0
184.0
43.0
204.0
61.0
0.0
57.0
19.0
347.0
4.0
80.0
101.0
305.0
77.0
0.0
25.0
36.0
67.0
38.0
37.0
398.0
84.0
155.0
257.0
128.0
3.0
142.0
0.0
320.0
61.0
34.0
421.0
78.0
298.0
7.0
82.0
172.0
115.0
95.0
101.0
93.0
400.0
307.0
57.0
100.0
30.0
42.0
216.0
576.0
0.0
8.0
98.0
100.0
298.0
4.0
55.0
0.0
44.0
238.0
6.0
175.0
16.0
36.0
111.0
397.0
1.0
0.0
0.0
247.0
399.0
51.0
580.0
80.0
127.0
101.0
592.0
4.0
1.0
79.0
102.0
0.0
111.0
44.0
96.0
194.0
362.0
1.0
98.0
0.0
0.0
0.0
0.0
0.0
1.0
0.0
0.0
0.0
0.0
0.0
1.0
0.0
0.0
0.0
0.0
0.0
1.0
225.0
100.0
94.0
26.0
36.0
1.0
1.0
138.0
78.0
59.0
2.0
59.0
43.0
132.0
316.0
3.0
333.0
2.0
2.0
389.0
81.0
101.0
0.0
43.0
241.0
69.0
219.0
0.0
15.0
10.0
363.0
5.0
219.0
82.0
281.0
8.0
30.0
226.0
539.0
405.0
651.0
219.0
0.0
56.0
28.0
49.0
372.0
363.0
102.0
434.0
11.0
261.0
106.0
126.0
4.0
99.0
829.0
63.0
446.0
9.0
100.0
145.0
500.0
109.0
119.0
330.0
0.0
66.0
238.0
304.0
1036.0
65.0
114.0
442.0
114.0
83.0
33.0
179.0
60.0
0.0
613.0
484.0
1.0
342.0
4.0
69.0
1.0
1.0
361.0
0.0
63.0
52.0
0.0
5.0
0.0
1.0
0.0
0.0
4.0
3.0
0.0
0.0
22.0
55.0
529.0
305.0
279.0
685.0
0.0
254.0
25.0
37.0
113.0
106.0
47.0
78.0
15.0
64.0
150.0
128.0
71.0
165.0
625.0
152.0
178.0
240.0
173.0
6.0
394.0
235.0
191.0
120.0
0.0
493.0
25.0
136.0
754.0
102.0
57.0
29.0
15.0
152.0
762.0
0.0
455.0
40.0
75.0
17.0
14.0
64.0
369.0
145.0
14.0
0.0
177.0
102.0
84.0
190.0
53.0
4.0
36.0
191.0
274.0
227.0
109.0
540.0
120.0
102.0
57.0
94.0
559.0
304.0
0.0
1.0
91.0
56.0
100.0
407.0
328.0
58.0
0.0
17.0
572.0
703.0
120.0
651.0
169.0
36.0
7.0
4.0
371.0
559.0
1.0
245.0
3.0
1189.0
92.0
15.0
279.0
190.0
38.0
125.0
26.0
8.0
17.0
330.0
313.0
191.0
130.0
74.0
0.0
14.0
10.0
44.0
176.0
28.0
596.0
138.0
736.0
298.0
161.0
91.0
319.0
352.0
34.0
60.0
62.0
47.0
290.0
78.0
97.0
231.0
83.0
12.0
68.0
199.0
47.0
0.0
96.0
40.0
190.0
97.0
93.0
414.0
16.0
169.0
166.0
106.0
163.0
557.0
423.0
470.0
454.0
1.0
79.0
255.0
357.0
550.0
359.0
348.0
66.0
166.0
107.0
18.0
103.0
81.0
1.0
1.0
436.0
20.0
42.0
30.0
273.0
0.0
353.0
104.0
69.0
331.0
102.0
169.0
116.0
101.0
4.0
421.0
590.0
115.0
136.0
27.0
99.0
247.0
579.0
0.0
0.0
6.0
103.0
54.0
1.0
135.0
0.0
163.0
55.0
183.0
29.0
522.0
33.0
565.0
125.0
156.0
50.0
186.0
137.0
163.0
0.0
27.0
0.0
739.0
230.0
174.0
0.0
100.0
292.0
179.0
0.0
201.0
80.0
372.0
215.0
84.0
125.0
548.0
279.0
194.0
214.0
0.0
204.0
269.0
114.0
47.0
218.0
174.0
4.0
26.0
60.0
0.0
326.0
169.0
208.0
97.0
179.0
179.0
28.0
183.0
363.0
184.0
124.0
291.0
227.0
238.0
563.0
0.0
265.0
33.0
209.0
187.0
24.0
272.0
412.0
121.0
213.0
44.0
57.0
13.0
0.0
193.0
93.0
54.0
29.0
53.0
127.0
118.0
27.0
37.0
17.0
57.0
40.0
58.0
160.0
66.0
0.0
295.0
113.0
120.0
1.0
151.0
22.0
109.0
30.0
302.0
489.0
177.0
31.0
182.0
347.0
62.0
70.0
56.0
244.0
405.0
65.0
46.0
279.0
22.0
0.0
98.0
106.0
14.0
168.0
473.0
125.0
533.0
455.0
210.0
135.0
82.0
0.0
50.0
319.0
62.0
0.0
282.0
25.0
46.0
1.0
262.0
460.0
0.0
16.0
297.0
178.0
92.0
320.0
114.0
192.0
62.0
34.0
583.0
43.0
31.0
109.0
292.0
97.0
218.0
81.0
212.0
63.0
55.0
323.0
0.0
40.0
141.0
191.0
91.0
22.0
32.0
82.0
54.0
136.0
43.0
66.0
269.0
1.0
502.0
449.0
166.0
210.0
8.0
1.0
49.0
28.0
163.0
85.0
1.0
27.0
0.0
108.0
73.0
49.0
533.0
216.0
0.0
14.0
56.0
11.0
168.0
364.0
95.0
299.0
0.0
45.0
36.0
9.0
1.0
91.0
106.0
150.0
319.0
56.0
229.0
671.0
1.0
232.0
2.0
197.0
368.0
99.0
230.0
28.0
134.0
265.0
28.0
423.0
61.0
435.0
602.0
199.0
203.0
3.0
6.0
21.0
33.0
157.0
191.0
131.0
234.0
0.0
145.0
55.0
1.0
1.0
203.0
559.0
4.0
163.0
0.0
15.0
284.0
136.0
590.0
108.0
2.0
252.0
242.0
37.0
56.0
210.0
625.0
0.0
1.0
17.0
252.0
376.0
116.0
0.0
544.0
740.0
147.0
38.0
221.0
409.0
105.0
137.0
368.0
0.0
1.0
36.0
1038.0
32.0
126.0
299.0
157.0
6.0
10.0
1405.0
136.0
163.0
339.0
371.0
733.0
0.0
162.0
1.0
81.0
55.0
64.0
17.0
7.0
4.0
16.0
358.0
131.0
28.0
44.0
247.0
4.0
844.0
249.0
0.0
190.0
114.0
54.0
757.0
175.0
1267.0
5.0
303.0
126.0
352.0
37.0
146.0
38.0
0.0
230.0
109.0
213.0
23.0
1.0
42.0
87.0
51.0
131.0
37.0
38.0
779.0
214.0
268.0
243.0
308.0
17.0
190.0
125.0
594.0
2.0
6.0
222.0
390.0
59.0
19.0
199.0
0.0
218.0
27.0
87.0
880.0
85.0
39.0
133.0
163.0
54.0
82.0
133.0
1.0
191.0
2.0
16.0
96.0
427.0
32.0
0.0
95.0
212.0
38.0
107.0
9.0
25.0
4.0
0.0
79.0
400.0
569.0
67.0
624.0
347.0
201.0
515.0
76.0
138.0
683.0
0.0
27.0
405.0
2.0
138.0
57.0
133.0
25.0
119.0
58.0
968.0
136.0
272.0
54.0
48.0
61.0
34.0
477.0
92.0
217.0
295.0
436.0
0.0
163.0
335.0
165.0
370.0
16.0
311.0
100.0
232.0
17.0
380.0
250.0
155.0
195.0
4.0
0.0
187.0
475.0
130.0
378.0
80.0
173.0
73.0
20.0
170.0
213.0
16.0
790.0
0.0
9.0
88.0
90.0
420.0
26.0
54.0
5.0
393.0
101.0
27.0
15.0
132.0
124.0
218.0
56.0
139.0
267.0
55.0
10.0
179.0
246.0
141.0
39.0
22.0
5.0
323.0
221.0
27.0
37.0
26.0
50.0
58.0
1.0
32.0
71.0
621.0
95.0
44.0
198.0
1.0
420.0
16.0
1.0
407.0
24.0
730.0
2.0
70.0
76.0
296.0
102.0
1.0
769.0
198.0
36.0
184.0
8.0
62.0
0.0
0.0
12.0
96.0
90.0
82.0
338.0
1.0
149.0
0.0
61.0
247.0
311.0
561.0
441.0
156.0
27.0
562.0
176.0
480.0
13.0
264.0
36.0
61.0
1.0
68.0
0.0
39.0
135.0
0.0
272.0
54.0
30.0
29.0
410.0
206.0
131.0
345.0
19.0
109.0
451.0
26.0
9.0
139.0
99.0
176.0
196.0
27.0
0.0
126.0
18.0
248.0
63.0
143.0
324.0
184.0
216.0
0.0
10.0
92.0
92.0
682.0
52.0
33.0
76.0
898.0
54.0
54.0
93.0
85.0
1.0
91.0
0.0
400.0
11.0
14.0
641.0
85.0
1.0
727.0
477.0
95.0
27.0
73.0
14.0
321.0
979.0
0.0
81.0
89.0
36.0
673.0
979.0
441.0
411.0
256.0
41.0
83.0
245.0
0.0
554.0
110.0
72.0
110.0
36.0
109.0
246.0
167.0
110.0
12.0
196.0
212.0
511.0
314.0
30.0
18.0
265.0
122.0
24.0
19.0
610.0
0.0
38.0
181.0
189.0
191.0
112.0
504.0
232.0
325.0
66.0
155.0
180.0
238.0
258.0
242.0
99.0
67.0
289.0
243.0
0.0
29.0
116.0
235.0
231.0
24.0
282.0
293.0
79.0
181.0
351.0
38.0
32.0
349.0
130.0
169.0
191.0
179.0
113.0
14.0
500.0
10.0
0.0
27.0
463.0
54.0
163.0
82.0
25.0
84.0
81.0
0.0
1.0
72.0
61.0
84.0
20.0
470.0
8.0
155.0
54.0
1007.0
52.0
247.0
197.0
21.0
31.0
158.0
0.0
28.0
57.0
157.0
167.0
227.0
24.0
76.0
196.0
642.0
23.0
1012.0
208.0
50.0
79.0
189.0
76.0
82.0
109.0
349.0
55.0
4.0
0.0
264.0
116.0
109.0
82.0
68.0
22.0
536.0
136.0
326.0
3.0
607.0
2.0
68.0
63.0
0.0
208.0
341.0
104.0
100.0
27.0
193.0
23.0
0.0
110.0
216.0
0.0
6.0
0.0
51.0
1.0
951.0
1007.0
21.0
32.0
477.0
46.0
158.0
109.0
63.0
182.0
41.0
226.0
78.0
0.0
743.0
0.0
27.0
215.0
116.0
213.0
109.0
32.0
13.0
64.0
95.0
803.0
39.0
107.0
79.0
409.0
209.0
680.0
0.0
109.0
163.0
1.0
39.0
115.0
70.0
177.0
190.0
170.0
72.0
289.0
719.0
1.0
7.0
206.0
388.0
4.0
6.0
195.0
124.0
56.0
490.0
0.0
303.0
19.0
181.0
911.0
74.0
419.0
24.0
82.0
107.0
14.0
297.0
190.0
0.0
429.0
91.0
205.0
0.0
54.0
508.0
661.0
165.0
224.0
48.0
356.0
122.0
372.0
6.0
470.0
88.0
65.0
206.0
28.0
405.0
139.0
0.0
211.0
67.0
819.0
14.0
1637.0
163.0
133.0
405.0
383.0
88.0
0.0
0.0
188.0
158.0
457.0
223.0
20.0
26.0
161.0
67.0
239.0
25.0
38.0
34.0
239.0
481.0
703.0
0.0
105.0
109.0
219.0
57.0
333.0
4.0
477.0
382.0
52.0
147.0
33.0
12.0
197.0
53.0
182.0
1.0
490.0
17.0
29.0
295.0
90.0
53.0
116.0
73.0
53.0
0.0
400.0
460.0
306.0
346.0
182.0
118.0
0.0
24.0
0.0
101.0
192.0
457.0
76.0
323.0
1.0
23.0
192.0
399.0
163.0
118.0
8.0
11.0
13.0
6.0
10.0
10.0
8.0
5.0
9.0
7.0
10.0
10.0
7.0
7.0
7.0
7.0
39.0
5.0
3.0
0.0
72.0
2.0
258.0
27.0
176.0
9.0
126.0
148.0
335.0
13.0
165.0
209.0
80.0
385.0
215.0
163.0
115.0
161.0
215.0
174.0
584.0
22.0
7.0
69.0
146.0
124.0
165.0
0.0
242.0
376.0
108.0
116.0
126.0
370.0
27.0
145.0
43.0
5.0
136.0
304.0
162.0
260.0
0.0
314.0
412.0
88.0
48.0
96.0
113.0
210.0
467.0
19.0
383.0
15.0
316.0
181.0
46.0
438.0
0.0
15.0
60.0
344.0
14.0
199.0
6.0
0.0
48.0
0.0
1.0
20.0
27.0
162.0
214.0
72.0
58.0
192.0
393.0
106.0
56.0
84.0
318.0
179.0
38.0
10.0
129.0
63.0
338.0
15.0
1117.0
0.0
46.0
1.0
15.0
16.0
139.0
347.0
128.0
38.0
112.0
348.0
205.0
17.0
331.0
13.0
124.0
323.0
176.0
53.0
566.0
57.0
82.0
167.0
2.0
70.0
0.0
90.0
0.0
95.0
1.0
126.0
287.0
405.0
254.0
284.0
74.0
27.0
33.0
127.0
41.0
18.0
324.0
147.0
10.0
323.0
8.0
2.0
81.0
1.0
1.0
0.0
102.0
67.0
67.0
6.0
0.0
74.0
4.0
181.0
23.0
168.0
25.0
110.0
134.0
0.0
1.0
2.0
66.0
111.0
15.0
196.0
211.0
88.0
59.0
461.0
674.0
0.0
167.0
1.0
47.0
29.0
50.0
242.0
120.0
196.0
103.0
65.0
273.0
86.0
84.0
155.0
167.0
73.0
206.0
0.0
169.0
134.0
267.0
322.0
737.0
181.0
147.0
145.0
0.0
413.0
555.0
62.0
191.0
20.0
149.0
134.0
0.0
334.0
239.0
8.0
155.0
265.0
102.0
35.0
24.0
44.0
240.0
0.0
52.0
7.0
4.0
155.0
47.0
1.0
1.0
80.0
458.0
63.0
80.0
87.0
138.0
391.0
3.0
510.0
70.0
0.0
104.0
150.0
27.0
15.0
163.0
8.0
118.0
15.0
54.0
279.0
20.0
78.0
180.0
200.0
178.0
0.0
410.0
22.0
3.0
53.0
448.0
97.0
62.0
54.0
195.0
49.0
51.0
2.0
47.0
30.0
518.0
0.0
591.0
137.0
61.0
28.0
0.0
395.0
3.0
72.0
24.0
48.0
48.0
96.0
117.0
46.0
144.0
247.0
2.0
32.0
240.0
83.0
25.0
52.0
230.0
3.0
96.0
24.0
0.0
72.0
61.0
224.0
87.0
312.0
0.0
24.0
504.0
677.0
209.0
313.0
131.0
9.0
69.0
441.0
196.0
261.0
7.0
576.0
41.0
1.0
144.0
73.0
349.0
172.0
5.0
332.0
222.0
1.0
627.0
14.0
21.0
51.0
105.0
362.0
92.0
97.0
35.0
23.0
1.0
41.0
2.0
191.0
14.0
123.0
74.0
175.0
76.0
122.0
0.0
46.0
160.0
20.0
259.0
204.0
16.0
54.0
100.0
98.0
367.0
134.0
182.0
57.0
117.0
327.0
45.0
295.0
88.0
218.0
191.0
254.0
55.0
41.0
298.0
31.0
0.0
329.0
3.0
2.0
57.0
462.0
76.0
303.0
47.0
366.0
46.0
27.0
82.0
2.0
228.0
57.0
677.0
23.0
96.0
371.0
401.0
1.0
174.0
1.0
55.0
59.0
547.0
76.0
517.0
34.0
116.0
41.0
27.0
82.0
225.0
192.0
121.0
19.0
146.0
25.0
121.0
139.0
179.0
92.0
75.0
75.0
453.0
50.0
13.0
0.0
220.0
22.0
285.0
48.0
76.0
86.0
340.0
59.0
37.0
22.0
353.0
457.0
15.0
25.0
294.0
426.0
110.0
245.0
387.0
23.0
62.0
0.0
191.0
261.0
13.0
92.0
114.0
57.0
144.0
211.0
137.0
73.0
131.0
94.0
239.0
241.0
32.0
15.0
270.0
224.0
9.0
14.0
218.0
86.0
65.0
15.0
119.0
48.0
55.0
73.0
123.0
15.0
141.0
0.0
72.0
437.0
62.0
64.0
70.0
26.0
18.0
120.0
284.0
34.0
382.0
450.0
655.0
190.0
321.0
122.0
149.0
303.0
145.0
0.0
107.0
281.0
416.0
42.0
315.0
74.0
311.0
176.0
12.0
0.0
86.0
3.0
176.0
65.0
1001.0
610.0
0.0
162.0
738.0
36.0
268.0
72.0
83.0
119.0
9.0
324.0
164.0
137.0
15.0
107.0
61.0
380.0
250.0
93.0
43.0
52.0
7.0
10.0
72.0
191.0
0.0
576.0
37.0
1.0
0.0
1.0
1.0
1.0
1.0
2.0
1.0
1.0
1.0
0.0
2.0
1.0
0.0
2.0
50.0
68.0
84.0
532.0
52.0
22.0
19.0
6.0
48.0
93.0
178.0
12.0
34.0
124.0
385.0
0.0
169.0
740.0
49.0
70.0
270.0
84.0
215.0
43.0
398.0
104.0
14.0
246.0
5.0
29.0
65.0
98.0
248.0
151.0
31.0
358.0
172.0
16.0
746.0
210.0
353.0
1.0
1.0
1.0
4.0
3.0
1.0
2.0
3.0
3.0
0.0
1.0
1.0
2.0
3.0
3.0
96.0
75.0
103.0
359.0
341.0
88.0
0.0
96.0
0.0
119.0
68.0
30.0
111.0
31.0
439.0
86.0
96.0
64.0
71.0
190.0
79.0
352.0
110.0
160.0
15.0
5.0
52.0
11.0
306.0
60.0
166.0
2.0
198.0
435.0
0.0
15.0
122.0
224.0
72.0
60.0
146.0
139.0
202.0
255.0
220.0
57.0
89.0
90.0
12.0
69.0
14.0
182.0
187.0
305.0
31.0
274.0
130.0
0.0
144.0
304.0
2.0
79.0
0.0
89.0
166.0
92.0
120.0
234.0
66.0
144.0
233.0
52.0
74.0
105.0
12.0
6.0
72.0
260.0
215.0
27.0
44.0
6.0
94.0
29.0
16.0
38.0
34.0
24.0
141.0
54.0
22.0
429.0
150.0
40.0
397.0
2.0
34.0
1.0
23.0
120.0
23.0
140.0
44.0
540.0
105.0
34.0
173.0
188.0
4.0
18.0
72.0
286.0
369.0
70.0
120.0
102.0
61.0
17.0
137.0
87.0
4.0
3.0
4.0
3.0
31.0
3.0
3.0
11.0
30.0
283.0
0.0
86.0
330.0
326.0
18.0
178.0
158.0
37.0
90.0
592.0
58.0
63.0
26.0
22.0
5.0
111.0
274.0
35.0
2.0
59.0
122.0
38.0
473.0
93.0
413.0
2.0
93.0
25.0
197.0
297.0
247.0
156.0
235.0
55.0
19.0
46.0
54.0
66.0
51.0
72.0
288.0
436.0
158.0
74.0
1.0
1.0
168.0
49.0
26.0
31.0
100.0
168.0
50.0
0.0
0.0
0.0
0.0
0.0
0.0
0.0
0.0
0.0
0.0
2.0
23.0
48.0
292.0
262.0
0.0
81.0
2.0
146.0
61.0
67.0
120.0
112.0
13.0
272.0
56.0
270.0
73.0
214.0
87.0
226.0
118.0
96.0
178.0
218.0
83.0
3.0
16.0
204.0
184.0
1.0
148.0
78.0
554.0
195.0
80.0
21.0
0.0
105.0
303.0
103.0
113.0
12.0
12.0
1.0
12.0
8.0
9.0
18.0
3.0
11.0
17.0
20.0
3.0
6.0
24.0
6.0
11.0
3.0
14.0
12.0
1.0
10.0
27.0
2.0
18.0
1.0
7.0
7.0
4.0
21.0
12.0
13.0
13.0
7.0
2.0
13.0
10.0
34.0
45.0
46.0
22.0
33.0
32.0
120.0
5.0
40.0
31.0
249.0
12.0
113.0
21.0
43.0
57.0
17.0
10.0
0.0
122.0
7.0
93.0
345.0
46.0
89.0
324.0
493.0
157.0
319.0
109.0
44.0
323.0
0.0
184.0
76.0
63.0
4.0
412.0
60.0
138.0
2.0
4.0
0.0
146.0
37.0
13.0
7.0
15.0
65.0
91.0
156.0
36.0
242.0
2.0
57.0
160.0
319.0
18.0
52.0
0.0
32.0
708.0
6.0
11.0
94.0
374.0
275.0
57.0
158.0
56.0
296.0
42.0
69.0
32.0
181.0
248.0
93.0
117.0
140.0
15.0
3.0
430.0
30.0
249.0
20.0
110.0
0.0
35.0
13.0
11.0
24.0
57.0
40.0
80.0
36.0
221.0
344.0
87.0
57.0
173.0
40.0
1.0
0.0
222.0
70.0
40.0
381.0
15.0
70.0
51.0
754.0
22.0
167.0
340.0
0.0
481.0
248.0
175.0
75.0
2.0
122.0
196.0
95.0
11.0
317.0
105.0
205.0
12.0
77.0
397.0
265.0
2.0
2.0
1.0
2.0
2.0
1.0
2.0
1.0
2.0
1.0
2.0
1.0
2.0
1.0
2.0
1.0
2.0
1.0
2.0
1.0
2.0
2.0
1.0
2.0
1.0
2.0
1.0
2.0
1.0
2.0
1.0
2.0
1.0
2.0
1.0
2.0
1.0
2.0
1.0
2.0
2.0
1.0
1.0
2.0
1.0
2.0
1.0
2.0
1.0
2.0
1.0
2.0
1.0
2.0
2.0
1.0
2.0
1.0
2.0
2.0
1.0
2.0
1.0
2.0
1.0
2.0
1.0
2.0
1.0
2.0
1.0
2.0
1.0
2.0
1.0
2.0
1.0
2.0
2.0
2.0
1.0
3.0
2.0
905.0
13.0
73.0
336.0
0.0
47.0
2.0
252.0
40.0
183.0
87.0
261.0
118.0
209.0
70.0
233.0
83.0
110.0
105.0
1.0
4.0
19.0
66.0
133.0
30.0
26.0
186.0
344.0
10.0
121.0
9.0
369.0
143.0
127.0
192.0
20.0
0.0
152.0
118.0
172.0
133.0
17.0
16.0
11.0
3.0
10.0
60.0
137.0
118.0
78.0
39.0
117.0
94.0
84.0
870.0
88.0
53.0
18.0
14.0
27.0
1.0
120.0
431.0
430.0
179.0
1.0
175.0
232.0
0.0
209.0
269.0
305.0
0.0
49.0
22.0
43.0
45.0
348.0
274.0
112.0
296.0
30.0
31.0
20.0
312.0
129.0
89.0
396.0
253.0
60.0
102.0
6.0
4.0
247.0
107.0
111.0
30.0
95.0
662.0
5.0
65.0
507.0
0.0
395.0
261.0
341.0
213.0
47.0
6.0
55.0
19.0
188.0
181.0
5.0
160.0
197.0
0.0
438.0
246.0
1.0
2.0
13.0
117.0
80.0
35.0
278.0
254.0
123.0
222.0
53.0
265.0
0.0
73.0
139.0
92.0
24.0
109.0
48.0
0.0
222.0
259.0
343.0
42.0
49.0
609.0
32.0
4.0
113.0
13.0
339.0
217.0
67.0
169.0
80.0
41.0
50.0
257.0
4.0
564.0
119.0
1.0
229.0
92.0
20.0
137.0
349.0
115.0
78.0
200.0
329.0
349.0
117.0
282.0
27.0
244.0
59.0
31.0
120.0
17.0
851.0
222.0
0.0
8.0
288.0
1.0
312.0
203.0
30.0
69.0
76.0
61.0
77.0
323.0
10.0
81.0
281.0
73.0
64.0
52.0
152.0
40.0
265.0
160.0
661.0
598.0
0.0
431.0
185.0
528.0
18.0
107.0
24.0
212.0
431.0
74.0
53.0
188.0
96.0
74.0
78.0
84.0
31.0
28.0
36.0
45.0
104.0
180.0
58.0
42.0
0.0
401.0
28.0
168.0
7.0
97.0
168.0
0.0
236.0
182.0
113.0
289.0
39.0
77.0
273.0
96.0
143.0
94.0
18.0
17.0
243.0
218.0
449.0
520.0
16.0
225.0
0.0
189.0
151.0
192.0
0.0
119.0
5.0
191.0
70.0
107.0
19.0
666.0
140.0
45.0
5.0
60.0
280.0
225.0
9.0
10.0
173.0
42.0
75.0
140.0
134.0
69.0
0.0
0.0
1.0
0.0
0.0
1.0
0.0
181.0
7.0
0.0
75.0
86.0
12.0
21.0
36.0
117.0
1.0
21.0
41.0
221.0
185.0
24.0
25.0
10.0
6.0
29.0
1.0
4.0
18.0
9.0
14.0
3.0
62.0
396.0
51.0
169.0
51.0
117.0
84.0
278.0
36.0
3.0
259.0
160.0
554.0
137.0
48.0
36.0
114.0
0.0
138.0
44.0
79.0
142.0
243.0
270.0
17.0
345.0
66.0
111.0
109.0
7.0
199.0
115.0
258.0
54.0
90.0
140.0
81.0
45.0
10.0
3.0
39.0
7.0
7.0
68.0
0.0
265.0
13.0
239.0
1.0
117.0
600.0
153.0
95.0
46.0
41.0
95.0
0.0
169.0
2.0
1.0
82.0
134.0
17.0
50.0
102.0
82.0
582.0
1.0
56.0
133.0
164.0
1.0
251.0
242.0
92.0
36.0
127.0
29.0
35.0
71.0
316.0
153.0
4.0
7.0
116.0
190.0
0.0
157.0
2.0
49.0
0.0
4.0
164.0
68.0
3.0
47.0
30.0
319.0
39.0
0.0
10.0
83.0
100.0
347.0
49.0
13.0
15.0
24.0
311.0
218.0
47.0
120.0
571.0
70.0
97.0
16.0
9.0
124.0
65.0
109.0
14.0
67.0
41.0
110.0
33.0
127.0
0.0
61.0
160.0
145.0
189.0
63.0
296.0
22.0
331.0
128.0
43.0
202.0
64.0
4.0
3.0
119.0
183.0
333.0
50.0
87.0
178.0
404.0
122.0
17.0
11.0
38.0
23.0
40.0
39.0
47.0
0.0
174.0
80.0
54.0
219.0
259.0
10.0
52.0
334.0
5.0
48.0
1.0
0.0
5.0
12.0
2.0
3.0
1.0
147.0
217.0
196.0
244.0
45.0
36.0
90.0
18.0
246.0
174.0
1.0
34.0
19.0
50.0
102.0
101.0
49.0
246.0
93.0
0.0
46.0
19.0
44.0
1286.0
5.0
93.0
2.0
84.0
147.0
26.0
20.0
46.0
75.0
139.0
1.0
0.0
215.0
192.0
90.0
121.0
3.0
3.0
1.0
1.0
2.0
0.0
1.0
1.0
1.0
1.0
0.0
1.0
1.0
0.0
1.0
154.0
13.0
129.0
57.0
67.0
41.0
431.0
300.0
50.0
30.0
0.0
0.0
183.0
90.0
0.0
155.0
38.0
156.0
56.0
177.0
96.0
27.0
1.0
286.0
28.0
365.0
14.0
58.0
16.0
175.0
102.0
21.0
190.0
29.0
220.0
76.0
70.0
205.0
0.0
562.0
38.0
94.0
0.0
88.0
11.0
256.0
4.0
131.0
135.0
68.0
30.0
13.0
23.0
150.0
103.0
197.0
161.0
20.0
69.0
137.0
41.0
68.0
103.0
12.0
1.0
467.0
87.0
178.0
6.0
17.0
98.0
119.0
366.0
26.0
1.0
0.0
29.0
122.0
2.0
0.0
198.0
38.0
65.0
212.0
69.0
176.0
128.0
218.0
42.0
125.0
135.0
89.0
650.0
247.0
156.0
199.0
89.0
487.0
81.0
181.0
618.0
17.0
66.0
118.0
38.0
46.0
157.0
36.0
150.0
92.0
1.0
7.0
4.0
20.0
4.0
0.0
0.0
0.0
0.0
0.0
0.0
0.0
0.0
0.0
0.0
0.0
0.0
0.0
0.0
0.0
0.0
0.0
0.0
0.0
1.0
0.0
0.0
0.0
0.0
0.0
0.0
0.0
0.0
0.0
0.0
0.0
0.0
0.0
0.0
0.0
0.0
0.0
0.0
0.0
0.0
0.0
0.0
0.0
0.0
0.0
0.0
0.0
0.0
0.0
0.0
0.0
0.0
0.0
0.0
0.0
0.0
0.0
0.0
0.0
0.0
0.0
0.0
0.0
0.0
0.0
0.0
0.0
0.0
0.0
0.0
0.0
0.0
0.0
0.0
0.0
0.0
0.0
1.0
0.0
0.0
0.0
0.0
0.0
0.0
0.0
0.0
0.0
0.0
0.0
0.0
0.0
0.0
0.0
0.0
0.0
0.0
0.0
0.0
0.0
0.0
0.0
0.0
0.0
0.0
0.0
0.0
0.0
0.0
0.0
0.0
1.0
2.0
6.0
0.0
0.0
0.0
7.0
2.0
0.0
0.0
0.0
0.0
0.0
38.0
0.0
10.0
194.0
64.0
143.0
3.0
45.0
137.0
6.0
31.0
73.0
149.0
33.0
22.0
1.0
485.0
111.0
11.0
76.0
275.0
453.0
86.0
0.0
95.0
50.0
200.0
123.0
27.0
125.0
244.0
31.0
221.0
154.0
285.0
108.0
150.0
25.0
31.0
1.0
214.0
134.0
86.0
258.0
2.0
49.0
42.0
40.0
79.0
221.0
90.0
49.0
256.0
370.0
12.0
256.0
30.0
53.0
0.0
303.0
226.0
55.0
52.0
51.0
58.0
3.0
159.0
414.0
5.0
17.0
260.0
197.0
88.0
73.0
421.0
128.0
1.0
118.0
200.0
57.0
34.0
31.0
581.0
191.0
88.0
83.0
120.0
137.0
91.0
363.0
0.0
38.0
299.0
168.0
8.0
1.0
0.0
841.0
610.0
170.0
0.0
203.0
30.0
28.0
5.0
201.0
76.0
133.0
47.0
348.0
13.0
593.0
0.0
278.0
187.0
90.0
318.0
12.0
146.0
244.0
193.0
69.0
469.0
91.0
0.0
146.0
1.0
88.0
93.0
106.0
106.0
72.0
352.0
215.0
1.0
0.0
0.0
1.0
0.0
1.0
0.0
0.0
1.0
0.0
0.0
1.0
0.0
0.0
1.0
0.0
0.0
1.0
0.0
0.0
0.0
0.0
0.0
0.0
0.0
1.0
3.0
2.0
543.0
143.0
27.0
1.0
118.0
2.0
0.0
103.0
2.0
263.0
128.0
222.0
197.0
106.0
155.0
130.0
0.0
42.0
29.0
13.0
22.0
20.0
42.0
21.0
22.0
24.0
20.0
11.0
13.0
5.0
13.0
293.0
200.0
0.0
401.0
7.0
129.0
33.0
412.0
8.0
263.0
13.0
43.0
1.0
101.0
197.0
90.0
156.0
582.0
0.0
1.0
540.0
82.0
122.0
50.0
143.0
455.0
217.0
603.0
46.0
386.0
5.0
218.0
87.0
31.0
20.0
65.0
47.0
28.0
0.0
314.0
158.0
800.0
0.0
50.0
58.0
42.0
377.0
81.0
11.0
67.0
163.0
31.0
1300.0
352.0
618.0
134.0
766.0
0.0
474.0
10.0
25.0
145.0
330.0
56.0
633.0
349.0
211.0
716.0
0.0
301.0
71.0
56.0
182.0
891.0
18.0
24.0
70.0
241.0
48.0
150.0
330.0
15.0
124.0
79.0
1080.0
0.0
65.0
1.0
1.0
1.0
1.0
607.0
460.0
78.0
12.0
119.0
30.0
479.0
801.0
55.0
34.0
1.0
80.0
45.0
227.0
155.0
334.0
63.0
0.0
108.0
233.0
14.0
217.0
99.0
201.0
50.0
0.0
50.0
312.0
3.0
2.0
83.0
81.0
119.0
105.0
209.0
5.0
2.0
131.0
289.0
16.0
1.0
12.0
1.0
742.0
49.0
303.0
231.0
0.0
96.0
143.0
603.0
155.0
87.0
489.0
53.0
24.0
7.0
456.0
55.0
836.0
22.0
226.0
231.0
22.0
60.0
46.0
1.0
0.0
227.0
50.0
49.0
1.0
126.0
86.0
19.0
34.0
111.0
36.0
3.0
12.0
17.0
277.0
108.0
272.0
361.0
153.0
52.0
126.0
5.0
17.0
413.0
192.0
89.0
35.0
12.0
9.0
263.0
257.0
237.0
313.0
0.0
85.0
106.0
103.0
247.0
1.0
15.0
3.0
207.0
56.0
13.0
163.0
99.0
63.0
147.0
193.0
279.0
18.0
116.0
167.0
1.0
30.0
2.0
56.0
214.0
70.0
2.0
1.0
1.0
14.0
21.0
1.0
44.0
0.0
22.0
73.0
149.0
163.0
50.0
42.0
122.0
42.0
78.0
114.0
144.0
27.0
2.0
2.0
1.0
0.0
0.0
1.0
0.0
0.0
1.0
0.0
0.0
1.0
0.0
0.0
1.0
0.0
0.0
1.0
0.0
0.0
0.0
0.0
1.0
0.0
0.0
0.0
1.0
3.0
2.0
227.0
0.0
236.0
68.0
368.0
147.0
227.0
191.0
118.0
201.0
316.0
214.0
82.0
451.0
138.0
177.0
4.0
1.0
584.0
0.0
179.0
208.0
494.0
376.0
230.0
180.0
66.0
14.0
150.0
19.0
105.0
115.0
45.0
307.0
233.0
5.0
100.0
54.0
101.0
6.0
259.0
483.0
1.0
335.0
125.0
438.0
86.0
59.0
105.0
182.0
10.0
57.0
4.0
81.0
245.0
85.0
91.0
141.0
112.0
889.0
14.0
0.0
2.0
526.0
0.0
242.0
66.0
38.0
34.0
670.0
50.0
18.0
4.0
52.0
174.0
349.0
44.0
156.0
271.0
176.0
24.0
478.0
271.0
151.0
123.0
222.0
206.0
79.0
83.0
84.0
22.0
310.0
437.0
295.0
291.0
7.0
1.0
159.0
131.0
3.0
172.0
398.0
136.0
193.0
54.0
459.0
39.0
241.0
123.0
94.0
69.0
5.0
26.0
141.0
252.0
7.0
0.0
0.0
185.0
86.0
8.0
364.0
144.0
26.0
47.0
385.0
18.0
54.0
0.0
133.0
287.0
106.0
150.0
3.0
2.0
2.0
3.0
2.0
2.0
2.0
2.0
2.0
3.0
2.0
1.0
56.0
159.0
221.0
116.0
175.0
99.0
36.0
2.0
135.0
673.0
57.0
6.0
0.0
149.0
662.0
115.0
784.0
64.0
381.0
134.0
162.0
224.0
0.0
126.0
35.0
353.0
128.0
599.0
5.0
182.0
241.0
25.0
281.0
17.0
211.0
40.0
102.0
165.0
97.0
20.0
59.0
12.0
238.0
3.0
56.0
47.0
77.0
426.0
3.0
156.0
3.0
2.0
0.0
52.0
255.0
271.0
548.0
295.0
77.0
47.0
330.0
125.0
341.0
290.0
100.0
15.0
10.0
278.0
0.0
179.0
215.0
471.0
189.0
9.0
31.0
18.0
192.0
191.0
226.0
151.0
402.0
100.0
93.0
72.0
0.0
8.0
1.0
288.0
7.0
10.0
147.0
49.0
70.0
8.0
29.0
83.0
7.0
8.0
5.0
321.0
237.0
144.0
68.0
58.0
20.0
44.0
80.0
74.0
134.0
1.0
231.0
142.0
36.0
171.0
238.0
339.0
22.0
151.0
33.0
274.0
362.0
48.0
174.0
218.0
179.0
426.0
65.0
20.0
263.0
30.0
49.0
372.0
15.0
114.0
46.0
32.0
287.0
0.0
90.0
2.0
19.0
56.0
51.0
98.0
1084.0
251.0
118.0
1.0
519.0
276.0
164.0
64.0
38.0
274.0
110.0
16.0
50.0
116.0
61.0
243.0
2.0
251.0
51.0
1.0
3.0
85.0
33.0
32.0
266.0
348.0
74.0
229.0
132.0
225.0
2.0
92.0
39.0
152.0
16.0
216.0
200.0
25.0
505.0
18.0
0.0
240.0
197.0
97.0
61.0
109.0
288.0
1.0
80.0
68.0
170.0
259.0
167.0
126.0
69.0
145.0
42.0
0.0
169.0
333.0
1057.0
28.0
0.0
963.0
4.0
783.0
262.0
82.0
5.0
1621.0
1.0
48.0
5.0
139.0
86.0
146.0
201.0
7.0
261.0
607.0
195.0
438.0
237.0
43.0
172.0
780.0
297.0
694.0
302.0
168.0
735.0
4.0
98.0
66.0
599.0
0.0
3.0
33.0
1.0
1.0
1.0
31.0
612.0
160.0
33.0
0.0
3.0
45.0
88.0
57.0
633.0
249.0
666.0
110.0
0.0
3.0
44.0
216.0
6.0
296.0
153.0
1.0
0.0
60.0
74.0
600.0
226.0
164.0
140.0
1.0
73.0
550.0
374.0
683.0
376.0
23.0
1.0
185.0
9.0
71.0
0.0
252.0
392.0
7.0
4.0
431.0
15.0
245.0
62.0
71.0
112.0
152.0
876.0
153.0
157.0
1.0
3.0
85.0
322.0
238.0
3.0
503.0
341.0
400.0
559.0
210.0
0.0
35.0
178.0
86.0
287.0
261.0
7.0
225.0
373.0
229.0
7.0
0.0
306.0
183.0
163.0
372.0
200.0
230.0
64.0
70.0
161.0
211.0
51.0
155.0
108.0
10.0
536.0
13.0
309.0
95.0
6.0
146.0
18.0
386.0
142.0
230.0
152.0
88.0
1.0
0.0
68.0
84.0
66.0
47.0
288.0
24.0
16.0
79.0
1.0
10.0
51.0
244.0
30.0
92.0
123.0
49.0
2.0
1.0
86.0
327.0
40.0
192.0
0.0
172.0
294.0
53.0
2.0
4.0
1.0
2.0
2.0
2.0
4.0
2.0
4.0
1.0
2.0
3.0
1.0
2.0
24.0
13.0
91.0
86.0
9.0
362.0
186.0
0.0
228.0
5.0
4.0
3.0
2.0
6.0
4.0
2.0
3.0
3.0
1.0
3.0
2.0
9.0
4.0
650.0
0.0
6.0
134.0
181.0
14.0
119.0
30.0
118.0
60.0
399.0
33.0
68.0
51.0
144.0
316.0
54.0
161.0
185.0
5.0
195.0
1.0
304.0
18.0
413.0
342.0
38.0
270.0
131.0
0.0
3.0
14.0
4.0
0.0
78.0
55.0
1.0
1.0
0.0
34.0
19.0
0.0
76.0
122.0
83.0
72.0
27.0
201.0
248.0
155.0
438.0
0.0
37.0
25.0
74.0
299.0
0.0
7.0
159.0
6.0
29.0
357.0
56.0
44.0
89.0
95.0
321.0
374.0
55.0
88.0
81.0
52.0
536.0
63.0
147.0
3.0
17.0
122.0
83.0
102.0
409.0
27.0
101.0
160.0
102.0
115.0
160.0
0.0
147.0
186.0
116.0
72.0
0.0
247.0
66.0
6.0
163.0
1.0
8.0
62.0
237.0
399.0
83.0
213.0
43.0
30.0
288.0
89.0
68.0
94.0
15.0
72.0
521.0
176.0
94.0
25.0
16.0
49.0
0.0
35.0
138.0
0.0
135.0
330.0
31.0
26.0
54.0
299.0
126.0
73.0
18.0
133.0
75.0
154.0
1.0
6.0
1.0
72.0
323.0
291.0
145.0
57.0
329.0
84.0
15.0
106.0
122.0
100.0
116.0
0.0
43.0
527.0
105.0
45.0
86.0
13.0
193.0
525.0
59.0
2.0
1.0
12.0
348.0
255.0
29.0
160.0
31.0
476.0
12.0
22.0
10.0
18.0
119.0
309.0
209.0
64.0
40.0
80.0
87.0
28.0
14.0
74.0
92.0
10.0
9.0
79.0
110.0
19.0
176.0
4.0
42.0
0.0
382.0
18.0
0.0
65.0
68.0
193.0
48.0
5.0
68.0
162.0
12.0
63.0
286.0
254.0
5.0
155.0
73.0
31.0
19.0
180.0
203.0
39.0
135.0
161.0
249.0
65.0
42.0
45.0
216.0
34.0
263.0
57.0
9.0
39.0
29.0
271.0
77.0
4.0
26.0
768.0
99.0
212.0
0.0
261.0
139.0
568.0
31.0
94.0
127.0
390.0
0.0
180.0
0.0
0.0
0.0
0.0
0.0
0.0
0.0
2.0
0.0
2.0
0.0
0.0
0.0
1.0
0.0
0.0
0.0
0.0
0.0
5.0
1.0
0.0
0.0
0.0
0.0
0.0
0.0
0.0
1.0
6.0
24.0
196.0
6.0
113.0
0.0
2.0
30.0
13.0
1.0
0.0
0.0
1.0
0.0
0.0
0.0
0.0
0.0
0.0
2.0
0.0
0.0
0.0
0.0
0.0
0.0
1.0
20.0
59.0
8.0
5.0
7.0
1.0
103.0
80.0
3.0
10.0
21.0
205.0
1.0
237.0
88.0
16.0
4815.0
139.0
212.0
490.0
